b =  0.633303
d =  0.137121
e = -0.542468
f =  0.138785

interpolate = x*(x*(x*(4*b+x*(x*(2*d+4*e+x*(2*f*x-7*f)+15*f)-5*d-10*e-20*f)+6*d+10*e+15*f)-6*b-4*d-5*e-6*f)+2*b+d+e+f-1)+1
